000000000000000000000000000000000000000000000
000000000000000000000000000000000000000000000
000000000000000000000000110000000000000000000
000000000000000000000000101000000000000000000
000000000000100000000000011100000000000000000
000000000111100011000000001110000001100000000
000000001111000110000000011100000001100000000
011000001001000110101100101000000000000000000
011000001111000010101100110000000000000000000
000000000111100010110000000000000000000000000
000000000000100000000000000000000000000000000
000000000000000000000000000000000000000000000
000000000000000000000000000000000000000000000
000000000000000000000000000000000000000000000
000000000000000000000000000000000000000000000
000000000000000000000000000000000000000000000
000000000000000000000000000000000000000000000
000000000000000000000000000000000000000000000
000000000000000000000000000000000000000000000
000000000000000000000000000000000000000000000
000000000000000000000000000000000000000000000
000000000000000000000000000000000000000000000
000000000000000000000000000000000000000000000
000000000000000000000000000000000000000000000
000000000000000000000000000000000000000000000
000000000000000000000000000000000000000000000
000000000000000000000000000000000000000000000
000000000000000000000000000000000000000000000
000000000000000000000000000000000000000000000
000000000000000000000000000000000000000000000
000000000000000000000000000000000000000000000
000000000000000000000000000000000000000000000
000000000000000000000000000000000000000000000
